125,35
10,17
10,259
10,97
10,147
10,125
10,159
10,89
10,195
11,27
11,4
11,13
8,5
122,3
122,2
122,1
122,0
121,3
121,2
121,1
121,0
120,4
120,3
120,2
120,1
120,0
119,4
119,3
119,2
119,1
119,0
118,3
118,2
118,1
118,0
20,3
20,2
20,1
12,3
12,2
12,1
11,29
11,26
11,25
11,24
11,21
11,20
11,19
11,18
11,17
19,2
19,1
11,14
11,12
11,11
11,10
11,9
11,7
11,6
11,5
11,3
19,3
11,2
11,1
10,303
10,297
10,287
10,283
10,256
10,245
10,227
10,226
10,225
10,216
10,203
10,201
10,194
10,189
10,173
10,164
10,143
10,137
18,1
10,132
18,3
10,122
10,87
14,1
10,86
10,9
10,3
14,3
13,1
10,2
10,1
9,7
9,6
9,5
9,4
9,3
13,3
9,2
9,1
8,18
8,17
8,15
8,14
8,13
8,12
8,11
8,10
8,9
8,8
8,7
